     47734     50977
     48064     53841
     48355     52122
     48904     50098
     49089     52648
     49171     52633
     49178     50250
     49206     51109
     49266     52614
     49365     54114
     49409     54480
     49562     54012
     49600     55535
     49721     52845
     49883     51899
     49905     52394
     49971     52799
     50020     54119
     50027     54044
     50032     50583
     50040     54429
     50057     52127
     50103     54086
     50130     50023
     50147     49657
     50154     54060
     50158     53766
     50161     54318
     50181     54416
     50183     53315
     50203     50149
     50218     54823
     50224     55670
     50227     53350
     50239     52726
     50244     50562
     50253     51402
     50263     51067
     50271     51055
     50286     54246
     50313     52342
     50321     50728
     50330     50009
     50336     51239
     50410     53820
     50414     52318
     50418     55265
     50450     53288
     50469     54153
     50484     53054
     50486     52264
     50494     50322
     50496     54508
     50521     51707
     50525     52670
     50535     50983
     50563     54445
     50565     53179
     50567     52884
     50593     56129
     50606     51541
     50610     53747
     50614     53636
     50615     53404
     50627     53369
     50684     53466
     50723     52860
     50733     53133
     50764     55202
     50781     52733
     50781     56183
     50790     50551
     50802     51417
     50804     56518
     50831     55284
     50845     51370
     50858     50260
     50871     55024
     50874     52692
     50931     52122
     50943     53345
     50955     50565
     50958     54109
     50961     53356
     50972     50628
     51012     52690
     51017     51376
     51035     48218
     51042     51930
     51052     53262
     51054     52148
     51054     53142
     51055     56006
     51096     56381
     51118     52041
     51120     51366
     51121     52405
     51125     54774
     51132     52018
     51136     51895
     51146     49990
     51152     52620
     51158     53774
     51160     53917
     51172     50248
     51186     54362
     51202     51130
     51205     51813
     51207     50921
     51221     52631
     51233     51426
     51237     53237
     51239     52646
     51243     54078
     51286     53731
     51289     54923
     51295     52840
     51310     53332
     51323     51176
     51324     48973
     51325     54768
     51330     56426
     51337     53150
     51354     53179
     51372     52926
     51390     53846
     51392     51058
     51394     54817
     51396     52258
     51405     51975
     51406     55643
     51420     53112
     51420     53692
     51425     55243
     51433     53650
     51447     54719
     51451     50954
     51451     54259
     51454     53291
     51460     52926
     51497     52292
     51500     52632
     51502     54244
     51506     52960
     51509     51140
     51510     51966
     51517     51514
     51519     53097
     51542     51396
     51556     53411
     51560     51885
     51560     54990
     51561     56499
     51564     53558
     51577     50917
     51578     53194
     51597     51895
     51598     53813
     51601     52196
     51612     55793
     51627     54095
     51642     53391
     51653     52353
     51666     51356
     51669     47488
     51682     52872
     51686     50279
     51691     56032
     51695     54017
     51695     54133
     51696     52785
     51697     52428
     51698     54950
     51701     52553
     51709     51148
     51715     53778
     51717     53073
     51749     55441
     51750     54752
     51753     51143
     51755     53796
     51767     54107
     51770     52215
     51775     53259
     51777     53081
     51779     53855
     51781     54173
     51784     51450
     51796     53863
     51797     54781
     51803     52143
     51817     51974
     51818     53770
     51829     55339
     51831     49404
     51831     53427
     51834     50513
     51846     55504
     51848     53916
     51850     53493
     51851     54475
     51855     51779
     51862     54015
     51869     51462
     51869     54542
     51880     53649
     51884     53708
     51899     53100
     51904     52028
     51907     51619
     51910     53777
     51913     53868
     51921     55133
     51922     50627
     51922     52691
     51926     53499
     51943     52473
     51944     54985
     51977     50184
     51980     53161
     51981     54095
     51992     53865
     52002     54255
     52013     52855
     52022     54804
     52026     52506
     52030     54646
     52030     54840
     52030     55670
     52039     54127
     52049     52108
     52049     52471
     52052     52069
     52059     53327
     52062     54044
     52062     55185
     52063     53101
     52066     51047
     52070     51965
     52073     53398
     52078     52972
     52081     51897
     52082     53031
     52082     56150
     52086     51094
     52087     52110
     52087     52854
     52096     54518
     52096     55290
     52099     54453
     52108     49695
     52111     53334
     52113     52546
     52136     51882
     52143     52783
     52147     55464
     52148     51178
     52152     50263
     52163     55113
     52166     52533
     52171     52947
     52176     53036
     52181     49946
     52185     52950
     52195     54957
     52202     52161
     52206     52695
     52211     53650
     52212     54944
     52213     53961
     52216     54979
     52223     53151
     52232     52912
     52237     49730
     52241     52946
     52246     54254
     52246     55730
     52258     52253
     52263     50121
     52268     54790
     52272     54642
     52280     53796
     52281     55234
     52283     54157
     52284     52743
     52288     52974
     52308     50917
     52312     53019
     52313     53291
     52318     49813
     52319     51655
     52320     51187
     52320     52961
     52330     53931
     52334     55468
     52338     50221
     52338     52423
     52344     53100
     52347     51497
     52351     54511
     52355     52359
     52363     52082
     52365     53197
     52368     55839
     52376     54742
     52377     54249
     52383     54095
     52386     52676
     52391     55689
     52393     55819
     52396     51235
     52397     53779
     52397     54668
     52401     51653
     52405     50935
     52410     51712
     52417     51971
     52419     54405
     52424     50192
     52432     52252
     52433     51208
     52435     54438
     52442     53596
     52449     53024
     52453     54246
     52462     52026
     52465     53786
     52471     55838
     52476     55435
     52479     55753
     52482     55061
     52482     56182
     52486     54432
     52489     49848
     52493     51947
     52499     51213
     52499     52702
     52501     54212
     52502     52241
     52502     53400
     52505     52328
     52524     54721
     52528     52681
     52534     52254
     52541     51020
     52550     51994
     52552     50322
     52552     54584
     52554     52350
     52557     51550
     52566     54844
     52570     55111
     52574     52618
     52579     54227
     52580     51918
     52593     54814
     52597     55750
     52606     53345
     52608     54057
     52619     54844
     52620     53066
     52622     53186
     52631     52926
     52638     54028
     52639     53887
     52641     52536
     52644     51350
     52646     53210
     52648     55239
     52654     55482
     52655     51613
     52658     55116
     52659     52453
     52659     54299
     52660     53306
     52670     54339
     52670     54783
     52678     50988
     52680     52605
     52693     53308
     52701     51462
     52709     51985
     52709     54775
     52710     50969
     52712     52235
     52713     51511
     52713     53536
     52716     51354
     52722     54009
     52724     52009
     52724     52029
     52746     52803
     52747     50546
     52749     52825
     52750     51648
     52752     52859
     52761     54030
     52787     56283
     52789     53245
     52791     54323
     52793     54384
     52795     55324
     52797     53226
     52800     50142
     52805     53698
     52814     52325
     52815     53270
     52817     49936
     52818     54533
     52824     54898
     52825     55450
     52832     51772
     52841     53645
     52844     51163
     52848     52143
     52860     53236
     52861     50974
     52868     53279
     52871     55649
     52874     52576
     52875     53607
     52882     49183
     52890     52091
     52894     53199
     52898     54553
     52903     51541
     52906     53966
     52906     55026
     52918     51829
     52918     54571
     52929     53147
     52931     53364
     52938     51219
     52941     54039
     52943     53316
     52944     51317
     52946     53496
     52948     52972
     52956     51129
     52957     49981
     52959     55320
     52970     50298
     52970     54449
     52974     53625
     52975     53238
     52976     53211
     52978     53498
     52981     50471
     52984     53086
     52988     55010
     52989     55651
     52990     51854
     53000     55076
     53008     53632
     53028     51541
     53030     51836
     53030     53337
     53033     52322
     53034     51959
     53038     52610
     53045     51828
     53046     51948
     53047     51441
     53051     54168
     53058     50814
     53060     51750
     53072     53959
     53073     52946
     53075     54131
     53076     50695
     53076     51286
     53077     54144
     53081     53036
     53084     52578
     53084     53399
     53086     53788
     53089     54634
     53090     51985
     53091     50200
     53093     52121
     53098     54061
     53101     53741
     53104     52156
     53106     51740
     53108     52586
     53110     54101
     53112     49509
     53112     54946
     53113     53117
     53113     53481
     53142     53326
     53149     51863
     53150     51312
     53151     52209
     53156     52199
     53160     54389
     53170     50372
     53180     50427
     53182     51874
     53183     52415
     53188     52715
     53190     52040
     53191     51869
     53192     52128
     53205     55592
     53206     48166
     53207     53735
     53211     53975
     53211     53994
     53214     51778
     53220     54710
     53224     54888
     53227     54596
     53232     51795
     53233     52907
     53234     53195
     53236     51557
     53236     53367
     53236     54412
     53237     52197
     53241     53666
     53243     55907
     53244     52181
     53245     55462
     53247     50851
     53251     53952
     53254     52969
     53255     52970
     53260     53689
     53261     52785
     53266     50791
     53266     52040
     53266     52741
     53270     51014
     53286     53762
     53294     51765
     53299     52723
     53302     54151
     53304     54352
     53305     51947
     53305     52772
     53307     53559
     53307     54720
     53319     55690
     53330     54201
     53333     52279
     53334     52776
     53335     53506
     53343     52807
     53345     52620
     53346     54633
     53348     51271
     53349     53792
     53350     52638
     53357     52796
     53357     53612
     53360     51977
     53363     51062
     53369     50777
     53369     52390
     53373     54782
     53376     52142
     53378     53190
     53389     53726
     53393     51090
     53393     55785
     53395     53810
     53405     53192
     53408     50798
     53408     54848
     53410     53010
     53418     50644
     53419     51614
     53423     50620
     53424     51530
     53425     49212
     53427     55318
     53438     53044
     53440     50215
     53440     52320
     53445     50888
     53454     51210
     53455     53706
     53459     52034
     53463     53341
     53465     53042
     53466     51111
     53466     52859
     53470     53867
     53471     52796
     53472     50974
     53476     54183
     53486     50374
     53486     50619
     53497     54506
     53500     54083
     53504     53031
     53505     51983
     53507     51574
     53514     54446
     53519     53170
     53523     53897
     53549     50293
     53550     54326
     53561     54538
     53576     55331
     53587     53494
     53591     55600
     53593     53506
     53594     54453
     53596     53088
     53602     54878
     53606     54057
     53614     53369
     53616     53515
     53619     53507
     53620     51682
     53636     56883
     53644     55552
     53651     52247
     53672     53729
     53674     51400
     53674     51957
     53681     54829
     53683     52416
     53686     51162
     53695     52023
     53695     55784
     53704     55333
     53707     52616
     53707     54651
     53708     52430
     53728     51823
     53730     52279
     53730     53404
     53732     51825
     53740     50700
     53741     54499
     53746     50262
     53747     53490
     53757     52777
     53757     54955
     53759     52093
     53760     53096
     53760     53595
     53762     53236
     53763     51187
     53763     54094
     53764     52325
     53771     52803
     53773     51851
     53775     55303
     53781     52804
     53783     54624
     53788     51022
     53796     53544
     53797     53433
     53799     54103
     53800     50331
     53800     52429
     53800     53118
     53801     54149
     53803     52575
     53803     53158
     53805     55933
     53810     51232
     53815     50429
     53815     51761
     53826     51602
     53828     52506
     53831     51717
     53837     52932
     53846     54669
     53850     52125
     53850     52949
     53853     52795
     53873     54997
     53880     52755
     53889     50530
     53889     52661
     53890     53334
     53891     52200
     53893     53572
     53900     53697
     53902     51966
     53902     52910
     53907     53035
     53913     50702
     53915     51499
     53917     55668
     53923     52622
     53929     53536
     53931     54067
     53948     54828
     53952     53828
     53955     54598
     53956     51503
     53959     56062
     53965     54373
     53977     55420
     53982     51835
     53989     51168
     53993     54465
     53994     51338
     53997     52445
     53999     52533
     54004     53595
     54004     55742
     54006     52574
     54006     53160
     54010     52452
     54013     54601
     54016     51481
     54031     53071
     54048     51327
     54057     52962
     54059     52935
     54059     54991
     54065     56997
     54075     54206
     54081     51207
     54082     50654
     54083     49917
     54085     51369
     54088     54350
     54089     54761
     54092     52835
     54100     52079
     54102     56695
     54105     54564
     54111     53478
     54128     52766
     54131     53726
     54132     55764
     54133     53611
     54134     52169
     54135     52181
     54145     52863
     54149     52114
     54153     53859
     54155     51025
     54160     52764
     54168     52287
     54173     53667
     54188     50678
     54194     49543
     54201     53354
     54202     53172
     54203     55940
     54207     51262
     54209     55229
     54217     50835
     54225     51934
     54226     54601
     54241     54648
     54248     48980
     54248     53794
     54248     54098
     54250     54902
     54253     53706
     54256     53999
     54276     53747
     54296     52555
     54297     54225
     54299     52102
     54301     54442
     54308     54591
     54309     53194
     54311     53743
     54312     51256
     54318     52888
     54326     52453
     54327     53572
     54329     51972
     54338     54528
     54340     55397
     54349     53042
     54363     52157
     54380     51068
     54380     52744
     54384     52106
     54387     53283
     54397     53533
     54402     54075
     54408     51697
     54412     53560
     54413     56770
     54452     52540
     54465     50492
     54468     56576
     54472     52898
     54478     52076
     54478     55690
     54480     53173
     54482     52902
     54483     52635
     54484     51093
     54487     53252
     54491     54757
     54495     52778
     54500     51010
     54500     52834
     54505     51956
     54508     55307
     54514     51712
     54528     53519
     54539     51029
     54539     53300
     54543     53476
     54543     54166
     54550     52722
     54550     53662
     54551     52011
     54559     54137
     54565     52333
     54572     53909
     54577     52359
     54582     54064
     54591     52332
     54593     51178
     54594     53335
     54600     55859
     54605     52905
     54607     51576
     54607     54262
     54611     54302
     54631     55562
     54641     51418
     54651     53749
     54656     52918
     54659     54466
     54665     50891
     54683     53091
     54697     54554
     54701     54757
     54704     54179
     54716     52638
     54725     52683
     54732     52537
     54733     53285
     54743     54961
     54759     53564
     54765     53784
     54769     54173
     54773     51225
     54798     51616
     54819     53102
     54823     52028
     54834     52040
     54839     50930
     54839     52903
     54840     52011
     54843     54984
     54846     51209
     54850     51816
     54850     52147
     54859     54899
     54861     54890
     54869     52147
     54871     53775
     54877     50311
     54882     53089
     54886     50768
     54886     51342
     54900     52711
     54911     54352
     54913     52510
     54916     53420
     54925     52407
     54929     54938
     54932     51402
     54938     52590
     54943     53619
     54944     52932
     54945     50868
     54950     54354
     54987     51973
     54989     55252
     54991     55125
     55004     51371
     55007     55464
     55037     51204
     55038     50898
     55045     55724
     55054     53712
     55057     54487
     55067     54714
     55074     53769
     55091     52918
     55105     53391
     55106     53253
     55112     51160
     55120     52185
     55121     54389
     55131     53231
     55132     56771
     55142     52842
     55144     51568
     55144     54868
     55157     53136
     55176     52872
     55186     50577
     55193     49525
     55195     54323
     55200     52041
     55207     54811
     55213     55294
     55234     53170
     55235     53672
     55244     55354
     55249     53440
     55251     53735
     55260     54558
     55266     52210
     55267     50519
     55281     51967
     55297     52463
     55317     54266
     55328     52050
     55328     53353
     55363     51614
     55368     51679
     55381     52187
     55402     52327
     55422     52512
     55422     52833
     55427     55283
     55429     52662
     55433     56082
     55434     53098
     55447     53652
     55472     52950
     55477     52626
     55496     50979
     55519     53643
     55535     55933
     55546     52458
     55559     53905
     55566     52904
     55569     53477
     55570     51869
     55586     54117
     55587     52713
     55598     53939
     55617     53552
     55649     52657
     55650     52424
     55693     52494
     55698     51172
     55701     54557
     55715     55018
     55722     53013
     55754     50892
     55847     54064
     55856     52937
     55866     53191
     55873     52644
     55874     56051
     55880     53201
     55889     52970
     55905     54168
     55917     54965
     55926     51031
     55930     51954
     55961     54137
     55968     51615
     55971     51021
     56000     51730
     56006     53542
     56035     53083
     56039     53127
     56040     53877
     56078     53181
     56092     51985
     56096     54688
     56102     49073
     56189     54719
     56244     54582
     56267     51697
     56289     53357
     56296     52872
     56302     52517
     56323     53314
     56326     52270
     56347     51814
     56394     56883
     56401     52549
     56425     53324
     56434     53085
     56453     52876
     56472     51870
     56546     52716
     56553     49307
     56626     54691
     56635     53480
     56726     52555
     56805     54964
     56960     55260
     57033     53725
     57083     54012
