53170 53102
62682 61911
72194 69574
81706 75609
91218 79637
100730 81405
110242 80801
119754 77864
129266 72778
138778 65863
148290 57553
157802 48370
167314 38891
176826 29712
186338 21408
195850 14503
205362 9429
214874 6505
224386 5916
233898 7697
243410 11738
252922 17783
262434 25455
271946 34270
281458 43674
290970 53078
300482 61890
309994 69557
319506 75596
329018 79630
338530 81403
348042 80806
357554 77874
367066 72794
376578 65883
386090 57575
395602 48394
405114 38915
414626 29734
424138 21428
433650 14518
443162 9439
452674 6510
462186 5914
471698 7690
481210 11725
490722 17766
500234 25434
509746 34246
519258 43650